154731
154712
154663
154678
153810
153785
154367
154364
154014
153975
153733
146268
153394
153318
153114
153142
152953
152892
152858
152567
152380
152144
151956
151793
151807
150729
151601
151509
151251
151015
150962
147904
149979
149829
149757
149392
147553
149757
149392
147553
149107
144873
148017
148116
147711
147624
147278
147263
147102
146483
146730
146671
146521
146368
146326
146222
142571
145851
142318
145656
145505
145377
143087
145233
141885
144196
144051
143800
143489
143483
143127
143081
142945
142801
